child_model:
  intercept: 1.552241
  slope: 0.706397
